"2008-09"	[0.1606425926,[46977.962962963,54]]
"2008-10"	[0.2468866667,[57335.5111111111,45]]
"2008-11"	[0.26584375,[15765.3125,32]]
"2008-12"	[0.109996,[28828.88,25]]
"2009-01"	[0.2751931818,[27724.9090909091,44]]
"2009-02"	[0.3321131579,[41170.0789473684,38]]
"2009-03"	[0.062646,[33961.16,50]]
"2009-04"	[0.3295869565,[9374.8695652174,69]]
"2009-05"	[0.1096175439,[49048.8245614035,57]]
"2009-06"	[0.2907134615,[31519.0192307692,52]]
"2009-07"	[0.1653985915,[17901.9577464789,71]]
"2009-08"	[0.1950114754,[22483.1639344262,61]]
"2009-09"	[0.2585171053,[23423.4342105263,76]]
"2009-10"	[0.1196884298,[18728.2066115702,121]]
"2009-11"	[0.1571289474,[17054.8881578947,152]]
"2009-12"	[0.3033464912,[24380.3070175439,114]]
"2010-01"	[0.190439881,[11917.6547619048,168]]
"2010-02"	[0.243834104,[13915.3699421965,173]]
"2010-03"	[0.2236185185,[12928.0148148148,135]]
"2010-04"	[0.1532818713,[12577.5497076023,171]]
"2010-05"	[0.1729006711,[8773.7986577181,149]]
"2010-06"	[0.1840369427,[9797.2229299363,157]]
"2010-07"	[0.2102220994,[7869.7016574586,181]]
"2010-08"	[0.2163462857,[8059.5942857143,175]]
"2010-09"	[0.2456707547,[9897.2405660377,212]]
"2010-10"	[0.1732120879,[5855.0604395604,182]]
"2010-11"	[0.1683137097,[10910.2782258065,248]]
"2010-12"	[0.1518580488,[6082.8341463415,205]]
"2011-01"	[0.2305863905,[7228.573964497,169]]
"2011-02"	[0.1956168224,[11047.7897196262,214]]
"2011-03"	[0.1604514184,[8029.9787234043,282]]
"2011-04"	[0.2059407115,[5506.4308300395,253]]
"2011-05"	[0.1476757322,[7216.2887029289,239]]
"2011-06"	[0.1308102439,[6640.887804878,205]]
"2011-07"	[0.1575143617,[3743.6755319149,188]]
"2011-08"	[0.1540254098,[4489.3483606557,244]]
"2011-09"	[0.1320146444,[5599.4728033473,239]]
"2011-10"	[0.1450993127,[6236.8006872852,291]]
"2011-11"	[0.1659468852,[6865.2393442623,305]]
"2011-12"	[0.1836522634,[8694.3004115226,243]]
"2012-01"	[0.1452278884,[7277.9282868526,251]]
"2012-02"	[0.1906080268,[8266.2006688963,299]]
"2012-03"	[0.1917274448,[9595.5299684543,317]]
"2012-04"	[0.19775,[4572.7020547945,292]]
"2012-05"	[0.1566514599,[4686.0693430657,274]]
"2012-06"	[0.1306032727,[3988.0872727273,275]]
"2012-07"	[0.1576228873,[3209.1021126761,284]]
"2012-08"	[0.171279845,[3479.8953488372,258]]
"2012-09"	[0.1883051471,[4172.6580882353,272]]
"2012-10"	[0.1234661932,[5189.6732954545,352]]
"2012-11"	[0.1646829333,[3664.1253333333,375]]
"2012-12"	[0.1411237931,[4433.8827586207,290]]
"2013-01"	[0.1712380952,[4270.3401360544,294]]
"2013-02"	[0.1691156463,[3142.3469387755,294]]
"2013-03"	[0.1685883853,[3938.0821529745,353]]
"2013-04"	[0.1738134831,[3337.9101123596,356]]
"2013-05"	[0.1744013245,[3495.2880794702,302]]
"2013-06"	[0.1608434251,[5070.6360856269,327]]
"2013-07"	[0.1553045181,[2555.1837349398,332]]
"2013-08"	[0.1676996875,[3242.428125,320]]
"2013-09"	[0.1447724719,[3608.8792134831,356]]
"2013-10"	[0.1062089109,[3072.1311881188,404]]
"2013-11"	[0.1450997763,[3489.7046979866,447]]
"2013-12"	[0.09005125,[2960.55,320]]
"2014-01"	[0.0952811321,[2287.2506738544,371]]
"2014-02"	[0.0856922872,[1552.5425531915,376]]
"2014-03"	[0.1582610245,[1412.4832962138,449]]
"2014-04"	[0.1466693467,[1206.5653266332,398]]
"2014-05"	[0.1612631783,[1400.6705426357,258]]
"2014-06"	[0.178063285,[1937.0579710145,207]]
"2014-07"	[0.1849023148,[1282.7731481481,216]]
"2014-08"	[0.1822865942,[1232.6992753623,276]]
"2014-09"	[0.1683352518,[1175.9964028777,278]]
"2014-10"	[0.1569608025,[1734.049382716,324]]
"2014-11"	[0.0934050794,[863.3714285714,315]]
"2014-12"	[0.1634804795,[1768.0445205479,292]]
"2015-01"	[0.1976714754,[804.4327868852,305]]
"2015-02"	[0.1190251572,[818.4339622642,318]]
"2015-03"	[0.1449626582,[648.0253164557,316]]
"2015-04"	[0.1078681529,[1311.7770700637,314]]
"2015-05"	[0.172011745,[1373.9060402685,298]]
"2015-06"	[0.1502102941,[998.2132352941,272]]
"2015-07"	[0.1899165289,[559.867768595,242]]
"2015-08"	[0.1482013158,[625.0964912281,228]]
"2015-09"	[0.1484600775,[590.8333333333,258]]
"2015-10"	[0.1222402027,[1003.0810810811,296]]
"2015-11"	[0.1394818841,[801.6956521739,276]]
"2015-12"	[0.1256708904,[638.4589041096,292]]
"2016-01"	[0.1500927083,[733.5625,288]]
"2016-02"	[0.1488362676,[498.2429577465,284]]
"2016-03"	[0.1723291045,[441.8544776119,268]]
"2016-04"	[0.1629669118,[519.5367647059,272]]
"2016-05"	[0.1609887324,[644.7981220657,213]]
"2016-06"	[0.1699805556,[489.8555555556,180]]
"2016-07"	[0.1468380711,[299.3299492386,197]]
"2016-08"	[0.1058222222,[595.9,180]]
"2016-09"	[0.1028079439,[413.2476635514,214]]
"2016-10"	[0.1531849624,[378.0263157895,266]]
"2016-11"	[0.1626227273,[404.9,220]]
"2016-12"	[0.1433338235,[416.3676470588,204]]
"2017-01"	[0.1620201923,[580.3317307692,208]]
"2017-02"	[0.1679203791,[353.5924170616,211]]
"2017-03"	[0.1304315789,[345.3492822967,209]]
"2017-04"	[0.1470331818,[375.8181818182,220]]
"2017-05"	[0.1761244318,[460.4375,176]]
"2017-06"	[0.1179050955,[532.050955414,157]]
"2017-07"	[0.18726875,[325.68125,160]]
"2017-08"	[0.2430076923,[367.6474358974,156]]
"2017-09"	[0.1476235294,[330.0065359477,153]]
"2017-10"	[0.1891983333,[309.9666666667,180]]
"2017-11"	[0.2145132597,[248.7900552486,181]]
"2017-12"	[0.1139126667,[285.66,150]]
"2018-01"	[0.1657266667,[190.8518518519,135]]
"2018-02"	[0.208012766,[277.6737588652,141]]
"2018-03"	[0.1952677778,[155.0611111111,180]]
"2018-04"	[0.1295302013,[135.1208053691,149]]
"2018-05"	[0.2343527778,[116.4375,144]]
"2018-06"	[0.0868354545,[133.0545454545,110]]
"2018-07"	[0.1437725806,[150.3790322581,124]]
"2018-08"	[0.1755211864,[129.5762711864,118]]
"2018-09"	[0.1565274074,[85.3111111111,135]]
"2018-10"	[0.1612608108,[74.6959459459,148]]
"2018-11"	[0.1754111702,[92.2553191489,188]]
"2018-12"	[0.1315643357,[57.8741258741,143]]
"2019-01"	[0.188089781,[64.1167883212,137]]
"2019-02"	[0.2057847682,[59.9470198675,151]]
"2019-03"	[0.37785,[45.1666666667,6]]

