"2008-08"	[0.23542,[68453.2,20]]
"2008-09"	[0.2290120482,[118876.8915662651,83]]
"2008-10"	[0.2567243478,[137342.947826087,115]]
"2008-11"	[0.1763960526,[57592.4342105263,76]]
"2008-12"	[0.2207357143,[104580.125,56]]
"2009-01"	[0.28351,[131930.24,100]]
"2009-02"	[0.3002089286,[108323.1785714286,112]]
"2009-03"	[0.1723208,[37875.216,125]]
"2009-04"	[0.1923614173,[47250.9212598425,127]]
"2009-05"	[0.2614623037,[48354.445026178,191]]
"2009-06"	[0.2260371429,[50187.019047619,210]]
"2009-07"	[0.2394299145,[68087.688034188,234]]
"2009-08"	[0.2153247059,[40712.2509803922,255]]
"2009-09"	[0.2280733607,[26052.0409836066,244]]
"2009-10"	[0.2083408922,[36209.624535316,269]]
"2009-11"	[0.2584361702,[16132.1580547112,329]]
"2009-12"	[0.2031688202,[19441.8960674157,356]]
"2010-01"	[0.2377669048,[18263.7666666667,420]]
"2010-02"	[0.1928600522,[16120.2140992167,383]]
"2010-03"	[0.2055590234,[21449.3205944798,471]]
"2010-04"	[0.1793330254,[14061.1177829099,433]]
"2010-05"	[0.2145777992,[13975.5656370656,518]]
"2010-06"	[0.2140378601,[11475.6522633745,486]]
"2010-07"	[0.2127973727,[13779.0032840722,609]]
"2010-08"	[0.2129450777,[22434.1882556131,579]]
"2010-09"	[0.2042494656,[15213.9251908397,655]]
"2010-10"	[0.192564006,[18081.7951807229,664]]
"2010-11"	[0.2271973684,[16985.8118421053,760]]
"2010-12"	[0.1912948344,[14580.6741721854,755]]
"2011-01"	[0.2255136691,[14803.3681055156,834]]
"2011-02"	[0.1922845519,[19246.5601415094,848]]
"2011-03"	[0.2118746063,[12165.8031496063,1016]]
"2011-04"	[0.2094821462,[13792.7419056429,1081]]
"2011-05"	[0.1828763795,[11583.5992255566,1033]]
"2011-06"	[0.1947465656,[7721.5896520963,1121]]
"2011-07"	[0.2179668157,[7279.2200357782,1118]]
"2011-08"	[0.1813211783,[8045.7141719745,1256]]
"2011-09"	[0.1923237745,[8484.7050653595,1224]]
"2011-10"	[0.2081096801,[7351.7867104184,1219]]
"2011-11"	[0.1982098251,[6720.4388009992,1201]]
"2011-12"	[0.1979726661,[8521.0370058873,1189]]
"2012-01"	[0.2083863772,[8017.746257485,1336]]
"2012-02"	[0.2266993248,[7448.3863465866,1333]]
"2012-03"	[0.2005024105,[8624.0309917355,1452]]
"2012-04"	[0.1850525225,[7890.2398064962,1447]]
"2012-05"	[0.1950633894,[7072.0937904269,1546]]
"2012-06"	[0.2131768794,[7626.885106383,1410]]
"2012-07"	[0.1916345893,[5727.4743668931,1619]]
"2012-08"	[0.2102523554,[5672.1765056649,1677]]
"2012-09"	[0.2009546016,[5447.1888736264,1456]]
"2012-10"	[0.193795632,[4884.0,1511]]
"2012-11"	[0.190761122,[4443.586431833,1533]]
"2012-12"	[0.1873460282,[5301.289532294,1347]]
"2013-01"	[0.190064277,[5841.0079656863,1632]]
"2013-02"	[0.1856248649,[5312.2648648649,1665]]
"2013-03"	[0.1948296884,[5189.3927101705,1701]]
"2013-04"	[0.1872704533,[5934.8847229994,1787]]
"2013-05"	[0.1808810134,[4750.1071636575,1717]]
"2013-06"	[0.2011719697,[4231.2626262626,1584]]
"2013-07"	[0.177150801,[5836.2082687338,1935]]
"2013-08"	[0.1999849746,[4591.430964467,1970]]
"2013-09"	[0.1909262811,[5535.5109081684,1971]]
"2013-10"	[0.1897979945,[5227.9977210574,2194]]
"2013-11"	[0.1987016481,[3991.73630635,2063]]
"2013-12"	[0.2001364851,[2796.8412127441,1946]]
"2014-01"	[0.199843151,[2899.9975318799,2431]]
"2014-02"	[0.1964457265,[2648.4692307692,2340]]
"2014-03"	[0.2019395578,[3039.275562574,2533]]
"2014-04"	[0.1980541142,[2257.6116708648,2382]]
"2014-05"	[0.1902154327,[2321.6149038462,2080]]
"2014-06"	[0.2030020749,[2210.7940283401,1976]]
"2014-07"	[0.1876072804,[1909.4964772194,2129]]
"2014-08"	[0.1902772636,[1735.7012072435,1988]]
"2014-09"	[0.2056229198,[2334.5156950673,2007]]
"2014-10"	[0.1895702633,[2089.6757872999,1937]]
"2014-11"	[0.194160772,[1750.1371935316,1917]]
"2014-12"	[0.2055237514,[2482.4733629301,1802]]
"2015-01"	[0.2000861376,[1778.8042328042,1890]]
"2015-02"	[0.2033827068,[1512.7083780881,1862]]
"2015-03"	[0.2201143265,[1709.4264635888,2101]]
"2015-04"	[0.2077926974,[2146.7932450936,2191]]
"2015-05"	[0.1986675591,[1820.8246318608,2241]]
"2015-06"	[0.2020261421,[1508.8510998308,2364]]
"2015-07"	[0.2120101784,[1361.2141119221,2466]]
"2015-08"	[0.1957074989,[1546.509925011,2267]]
"2015-09"	[0.2076644526,[1448.1836921667,2183]]
"2015-10"	[0.1917129538,[1458.0744060959,2231]]
"2015-11"	[0.2045242005,[1177.2930787589,2095]]
"2015-12"	[0.2070425303,[1211.7908496732,2142]]
"2016-01"	[0.2016262102,[1561.9938944614,2293]]
"2016-02"	[0.1895123827,[1668.0330800179,2237]]
"2016-03"	[0.208722254,[1077.7198856676,2449]]
"2016-04"	[0.2015034855,[1532.7253112033,2410]]
"2016-05"	[0.2024085281,[1104.4337662338,2310]]
"2016-06"	[0.1973724965,[1477.7588152327,2127]]
"2016-07"	[0.2040966038,[1117.0273584906,2120]]
"2016-08"	[0.1957616992,[1165.402544298,2201]]
"2016-09"	[0.2101956887,[1046.9263932702,1902]]
"2016-10"	[0.2186982386,[1002.9355812783,1987]]
"2016-11"	[0.1993950073,[977.6815317499,2063]]
"2016-12"	[0.2256377432,[808.248540856,2056]]
"2017-01"	[0.1915181393,[1014.2678821879,2139]]
"2017-02"	[0.2088476214,[872.8140776699,2060]]
"2017-03"	[0.2117563119,[1008.7927617406,2321]]
"2017-04"	[0.1939639084,[906.0280504909,2139]]
"2017-05"	[0.1827234795,[678.2659123055,2121]]
"2017-06"	[0.203825308,[679.1190965092,1948]]
"2017-07"	[0.2022310665,[564.8664383562,2044]]
"2017-08"	[0.2089999508,[559.2429906542,2033]]
"2017-09"	[0.2008900056,[483.5817978783,1791]]
"2017-10"	[0.2104428647,[621.8986737401,1885]]
"2017-11"	[0.2077291011,[490.9325842697,1780]]
"2017-12"	[0.1993832918,[420.5891521197,1604]]
"2018-01"	[0.2193135229,[345.2925130586,1723]]
"2018-02"	[0.1994507937,[312.1904761905,1575]]
"2018-03"	[0.198962808,[337.135243553,1745]]
"2018-04"	[0.2095213145,[251.8255528256,1628]]
"2018-05"	[0.2117518129,[234.8619883041,1710]]
"2018-06"	[0.201950609,[236.5414129111,1642]]
"2018-07"	[0.2090661017,[202.062774639,1593]]
"2018-08"	[0.1946522301,[162.8888170653,1547]]
"2018-09"	[0.2161721074,[151.1246556474,1452]]
"2018-10"	[0.2117645649,[234.0214375788,1586]]
"2018-11"	[0.2175571429,[100.9029391661,1463]]
"2018-12"	[0.2067756019,[75.7616372392,1246]]
"2019-01"	[0.2190407674,[54.0391686651,1251]]
"2019-02"	[0.1961161533,[77.4725770098,1331]]
"2019-03"	[0.2393077922,[38.2337662338,77]]
