"2008-08"	[0.2689769231,[119890.3076923077,13]]
"2008-09"	[0.3208511905,[170512.0833333333,84]]
"2008-10"	[0.2047508475,[127593.6271186441,59]]
"2008-11"	[0.1613666667,[102454.7333333333,60]]
"2008-12"	[0.1943106383,[57142.2127659574,47]]
"2009-01"	[0.2421730337,[145772.7752808989,89]]
"2009-02"	[0.2207426471,[38585.5294117647,68]]
"2009-03"	[0.2119958333,[66079.40625,96]]
"2009-04"	[0.2790016529,[36187.9256198347,121]]
"2009-05"	[0.2076815068,[31320.3493150685,146]]
"2009-06"	[0.149426087,[54918.2753623188,138]]
"2009-07"	[0.2450792593,[50345.8444444444,135]]
"2009-08"	[0.2041507143,[25885.2142857143,140]]
"2009-09"	[0.2690147887,[25392.4014084507,142]]
"2009-10"	[0.1623415301,[20544.2131147541,183]]
"2009-11"	[0.2252650943,[40748.0424528302,212]]
"2009-12"	[0.2167211055,[14586.2864321608,199]]
"2010-01"	[0.2094613793,[12405.6137931034,290]]
"2010-02"	[0.2155870079,[21395.4133858268,254]]
"2010-03"	[0.1769136986,[21061.4863013699,292]]
"2010-04"	[0.217865,[20401.8909090909,220]]
"2010-05"	[0.2240288462,[29167.6730769231,260]]
"2010-06"	[0.1896830508,[16225.6711864407,295]]
"2010-07"	[0.1942170807,[28110.6894409938,322]]
"2010-08"	[0.2054233227,[31429.0095846645,313]]
"2010-09"	[0.2312557196,[14744.4464944649,271]]
"2010-10"	[0.1806942029,[23620.4550724638,345]]
"2010-11"	[0.1920871148,[14157.7619047619,357]]
"2010-12"	[0.1604798658,[22407.3154362416,298]]
"2011-01"	[0.2262106101,[18710.8169761273,377]]
"2011-02"	[0.1542732523,[23316.7720364742,329]]
"2011-03"	[0.1862771784,[13811.2282157676,482]]
"2011-04"	[0.1971952507,[15220.9419525066,379]]
"2011-05"	[0.209804798,[10805.0,396]]
"2011-06"	[0.1835355844,[9655.6571428571,385]]
"2011-07"	[0.1728300752,[9807.6090225564,399]]
"2011-08"	[0.189162406,[14898.8671679198,399]]
"2011-09"	[0.1579737101,[9082.9582309582,407]]
"2011-10"	[0.1765266169,[10512.8756218905,402]]
"2011-11"	[0.1787455189,[12803.5235849057,424]]
"2011-12"	[0.1999492925,[8364.4811320755,424]]
"2012-01"	[0.1747272349,[8546.9230769231,481]]
"2012-02"	[0.1809833948,[9006.3339483395,542]]
"2012-03"	[0.1450590734,[9618.0096525097,518]]
"2012-04"	[0.1817205394,[10855.6348547718,482]]
"2012-05"	[0.2063379791,[8168.574912892,574]]
"2012-06"	[0.1801724958,[10411.2546689304,589]]
"2012-07"	[0.215060371,[11087.0202360877,593]]
"2012-08"	[0.1851331169,[7029.0308441558,616]]
"2012-09"	[0.2024358456,[12509.5643382353,544]]
"2012-10"	[0.1945822188,[5387.5820668693,658]]
"2012-11"	[0.2005733835,[4905.2045112782,665]]
"2012-12"	[0.1555545752,[8128.7696078431,612]]
"2013-01"	[0.1843426282,[6951.9198717949,624]]
"2013-02"	[0.220261136,[7550.8295964126,669]]
"2013-03"	[0.169579661,[5852.3533246415,767]]
"2013-04"	[0.1839595948,[6496.2538736591,839]]
"2013-05"	[0.1992050888,[5694.0461538462,845]]
"2013-06"	[0.1877186262,[8770.2562747688,757]]
"2013-07"	[0.1785574269,[4759.5847953216,855]]
"2013-08"	[0.1595027848,[6361.8632911392,790]]
"2013-09"	[0.1894727152,[5150.0304635762,755]]
"2013-10"	[0.1888785479,[5162.701870187,909]]
"2013-11"	[0.1934796506,[6803.1408016444,973]]
"2013-12"	[0.1861930318,[3550.5537897311,818]]
"2014-01"	[0.1932357143,[4084.2504761905,1050]]
"2014-02"	[0.1573043204,[3229.5805580558,1111]]
"2014-03"	[0.1641060119,[3143.5207451312,1181]]
"2014-04"	[0.1710365194,[3610.4454463481,1109]]
"2014-05"	[0.1768490986,[3180.216330859,943]]
"2014-06"	[0.1708303738,[4334.7476635514,856]]
"2014-07"	[0.1759747951,[2368.2284836066,976]]
"2014-08"	[0.1661150057,[2250.7056128293,873]]
"2014-09"	[0.1819627494,[3146.9412416851,902]]
"2014-10"	[0.1770933333,[3707.0187134503,855]]
"2014-11"	[0.1858088745,[2703.3593073593,924]]
"2014-12"	[0.1692552573,[2059.8098434004,894]]
"2015-01"	[0.1689459195,[3388.9423286181,919]]
"2015-02"	[0.1481709234,[2251.8919449902,1018]]
"2015-03"	[0.1691715867,[2116.7287822878,1084]]
"2015-04"	[0.1853414431,[2420.6438482886,1081]]
"2015-05"	[0.1908510184,[2388.4597478177,1031]]
"2015-06"	[0.1511448848,[2139.730875576,1085]]
"2015-07"	[0.162732757,[2032.5379442843,1041]]
"2015-08"	[0.1791983748,[1948.32791587,1046]]
"2015-09"	[0.1897231975,[1871.4367816092,957]]
"2015-10"	[0.1663443548,[1793.7643369176,1116]]
"2015-11"	[0.1728266193,[1827.5146406389,1127]]
"2015-12"	[0.1517421665,[1718.085049239,1117]]
"2016-01"	[0.1839549639,[1675.9088447653,1108]]
"2016-02"	[0.1824103359,[1905.3703703704,1161]]
"2016-03"	[0.1763676674,[1734.8375673595,1299]]
"2016-04"	[0.1630063345,[1323.3716216216,1184]]
"2016-05"	[0.1796166367,[1794.7589928058,1112]]
"2016-06"	[0.1766890971,[1937.4744463373,1174]]
"2016-07"	[0.1886657349,[1833.2678088368,1109]]
"2016-08"	[0.1622278023,[1372.2850838482,1133]]
"2016-09"	[0.152445614,[1912.9981532779,1083]]
"2016-10"	[0.1698994728,[1064.3945518453,1138]]
"2016-11"	[0.1691442485,[1210.5314861461,1191]]
"2016-12"	[0.1783278863,[1254.323268206,1126]]
"2017-01"	[0.1743288349,[1671.1131601006,1193]]
"2017-02"	[0.1667810106,[1170.8850855746,1227]]
"2017-03"	[0.1869101942,[1193.3432732316,1442]]
"2017-04"	[0.1816795666,[1022.7561919505,1292]]
"2017-05"	[0.1701074128,[1006.1606104651,1376]]
"2017-06"	[0.173222003,[900.3459787557,1318]]
"2017-07"	[0.1678267348,[1107.6245434624,1369]]
"2017-08"	[0.1834440876,[859.2416058394,1370]]
"2017-09"	[0.1830967068,[1227.8819277108,1245]]
"2017-10"	[0.1920537791,[616.3386627907,1376]]
"2017-11"	[0.1644334835,[579.7665165165,1332]]
"2017-12"	[0.1497791809,[501.366894198,1172]]
"2018-01"	[0.1891611597,[505.0833995234,1259]]
"2018-02"	[0.1725252937,[348.7126076742,1277]]
"2018-03"	[0.1605549326,[329.5422285309,1409]]
"2018-04"	[0.1830670713,[329.5660091047,1318]]
"2018-05"	[0.1778403072,[288.160936357,1367]]
"2018-06"	[0.1829873749,[474.0038491147,1299]]
"2018-07"	[0.1764857843,[226.3172268908,1428]]
"2018-08"	[0.1992511186,[200.1349152542,1475]]
"2018-09"	[0.1904657258,[153.535483871,1240]]
"2018-10"	[0.1893274841,[135.8505990134,1419]]
"2018-11"	[0.1993314869,[84.4424198251,1372]]
"2018-12"	[0.1788326842,[95.4513124471,1181]]
"2019-01"	[0.1829121565,[86.7776852623,1201]]
"2019-02"	[0.210738674,[45.2217837411,1267]]
"2019-03"	[0.2489738095,[30.5,84]]
