"2008-09"	[0.3030125,[595453.625,8]]
"2008-10"	[0.1407142857,[373421.4285714286,7]]
"2008-11"	[0.48364,[20391.8,5]]
"2008-12"	[0.2764888889,[108903.8888888889,9]]
"2009-01"	[0.4619583333,[134733.8333333333,12]]
"2009-02"	[0.40095,[36536.1666666667,18]]
"2009-03"	[0.2214857143,[87500.1428571429,7]]
"2009-04"	[0.4713,[10689.6666666667,3]]
"2009-05"	[0.32057,[146616.1,10]]
"2009-06"	[0.3044230769,[33853.0,13]]
"2009-07"	[0.30065,[116000.3888888889,18]]
"2009-08"	[0.1209571429,[29837.9285714286,14]]
"2009-09"	[0.1669863636,[42706.2727272727,22]]
"2009-10"	[0.223405,[81341.65,20]]
"2009-11"	[0.1863823529,[325456.294117647,17]]
"2009-12"	[-0.012037037,[113478.4444444444,27]]
"2010-01"	[0.2941434783,[40113.2173913043,23]]
"2010-02"	[0.1699208333,[34859.375,24]]
"2010-03"	[0.3850736842,[47392.8684210526,38]]
"2010-04"	[0.317535,[44981.05,20]]
"2010-05"	[0.1671428571,[23296.7142857143,28]]
"2010-06"	[0.2857586207,[16159.9310344828,29]]
"2010-07"	[0.19323,[23307.675,40]]
"2010-08"	[0.3449925,[10846.625,40]]
"2010-09"	[0.251015625,[14729.59375,32]]
"2010-10"	[0.3705066667,[43465.8666666667,30]]
"2010-11"	[0.4055534884,[52173.2093023256,43]]
"2010-12"	[0.2915971429,[13760.2,35]]
"2011-01"	[0.3822488889,[25010.7555555556,45]]
"2011-02"	[0.2202388889,[20919.6111111111,36]]
"2011-03"	[0.3325447761,[52198.1194029851,67]]
"2011-04"	[0.2190607843,[28255.3725490196,51]]
"2011-05"	[0.24235,[24887.1666666667,66]]
"2011-06"	[0.1916786885,[35490.606557377,61]]
"2011-07"	[0.2134981818,[28264.8363636364,55]]
"2011-08"	[0.2233449275,[32619.6086956522,69]]
"2011-09"	[0.1710661538,[13451.8461538462,65]]
"2011-10"	[0.3457926471,[19282.3676470588,68]]
"2011-11"	[0.180015942,[29263.4637681159,69]]
"2011-12"	[0.1825826667,[13706.2,75]]
"2012-01"	[0.2668372727,[11750.8181818182,110]]
"2012-02"	[0.2625902174,[11299.0,92]]
"2012-03"	[0.1335857143,[14193.5571428571,70]]
"2012-04"	[0.1366471429,[28808.6571428571,70]]
"2012-05"	[0.1480928571,[9692.3214285714,84]]
"2012-06"	[0.227359,[14772.2,100]]
"2012-07"	[0.2027537634,[13218.5591397849,93]]
"2012-08"	[0.2258905882,[14393.9411764706,85]]
"2012-09"	[0.28696875,[23766.25,80]]
"2012-10"	[0.1611295455,[4993.3636363636,88]]
"2012-11"	[0.2486022222,[15841.6777777778,90]]
"2012-12"	[0.1660918605,[9930.1860465116,86]]
"2013-01"	[0.2497257353,[9732.9558823529,136]]
"2013-02"	[0.2895836538,[9577.9134615385,104]]
"2013-03"	[0.1844475806,[9962.6693548387,124]]
"2013-04"	[0.255740367,[3365.9633027523,109]]
"2013-05"	[0.2624707865,[12904.808988764,89]]
"2013-06"	[0.1648968254,[9536.5396825397,63]]
"2013-07"	[0.2391449438,[11205.6404494382,89]]
"2013-08"	[0.3109932039,[5763.9708737864,103]]
"2013-09"	[0.2888175926,[10680.2592592593,108]]
"2013-10"	[0.2546430233,[5735.2906976744,86]]
"2013-11"	[0.1506289474,[6329.7368421053,114]]
"2013-12"	[0.2780566667,[1688.0666666667,90]]
"2014-01"	[0.2136764706,[2573.7142857143,119]]
"2014-02"	[0.3160494845,[9404.8041237113,97]]
"2014-03"	[0.2890752475,[2784.5940594059,101]]
"2014-04"	[0.2173583333,[4823.9166666667,108]]
"2014-05"	[0.2081508929,[4325.8035714286,112]]
"2014-06"	[0.28643875,[6016.2875,80]]
"2014-07"	[0.2967697248,[1741.4311926606,109]]
"2014-08"	[0.2846031915,[4675.6382978723,94]]
"2014-09"	[0.2146333333,[2234.8494623656,93]]
"2014-10"	[0.1728341463,[2371.8902439024,82]]
"2014-11"	[0.1931157895,[1318.0,76]]
"2014-12"	[0.2652506849,[2022.0,73]]
"2015-01"	[0.3137666667,[4340.7272727273,99]]
"2015-02"	[0.2178766667,[3375.0666666667,90]]
"2015-03"	[0.2770864865,[2235.5675675676,111]]
"2015-04"	[0.255275,[3765.0480769231,104]]
"2015-05"	[0.2586777778,[5126.2121212121,99]]
"2015-06"	[0.2380425926,[2181.9351851852,108]]
"2015-07"	[0.1993990566,[1362.0943396226,106]]
"2015-08"	[0.2654981132,[3637.6037735849,106]]
"2015-09"	[0.2003008929,[2533.6071428571,112]]
"2015-10"	[0.2251623656,[3090.623655914,93]]
"2015-11"	[0.2706768116,[1579.5724637681,138]]
"2015-12"	[0.294095,[2408.33,100]]
"2016-01"	[0.2328610619,[1905.7256637168,113]]
"2016-02"	[0.297765,[1569.7333333333,120]]
"2016-03"	[0.1389225,[2192.9625,80]]
"2016-04"	[0.2082096491,[2919.6403508772,114]]
"2016-05"	[0.2240081633,[3941.4183673469,98]]
"2016-06"	[0.2553240964,[1474.8192771084,83]]
"2016-07"	[0.1917965909,[2285.9886363636,88]]
"2016-08"	[0.1032357143,[2170.5,84]]
"2016-09"	[0.2303344828,[1038.4367816092,87]]
"2016-10"	[0.3291325,[2159.625,80]]
"2016-11"	[0.2931204819,[1634.2048192771,83]]
"2016-12"	[0.27193125,[1464.9375,80]]
"2017-01"	[0.1977840909,[1345.9431818182,88]]
"2017-02"	[0.2233641304,[1094.6739130435,92]]
"2017-03"	[0.3498712766,[1109.9468085106,94]]
"2017-04"	[0.2678602564,[1600.9615384615,78]]
"2017-05"	[0.2455835294,[1478.6705882353,85]]
"2017-06"	[0.2684164835,[1496.3076923077,91]]
"2017-07"	[0.1459696629,[727.8988764045,89]]
"2017-08"	[0.2160513889,[934.4583333333,72]]
"2017-09"	[0.2042810127,[760.0759493671,79]]
"2017-10"	[0.2307894737,[1034.8421052632,76]]
"2017-11"	[0.209268,[348.08,75]]
"2017-12"	[0.2927152542,[2193.5593220339,59]]
"2018-01"	[0.2935526882,[675.4946236559,93]]
"2018-02"	[0.2441,[385.3333333333,66]]
"2018-03"	[0.1939928571,[611.6428571429,70]]
"2018-04"	[0.252152381,[172.2698412698,63]]
"2018-05"	[0.3592689189,[198.0810810811,74]]
"2018-06"	[0.2111164179,[463.8805970149,67]]
"2018-07"	[0.3049236111,[165.2361111111,72]]
"2018-08"	[0.3182846154,[1013.7384615385,65]]
"2018-09"	[0.0773672414,[171.5517241379,58]]
"2018-10"	[0.2433080645,[75.7096774194,62]]
"2018-11"	[0.242604918,[210.3606557377,61]]
"2018-12"	[0.2406369565,[112.2391304348,46]]
"2019-01"	[0.2425210526,[39.1578947368,57]]
"2019-02"	[0.2873509804,[46.9803921569,51]]
"2019-03"	[-0.1803,[26.0,1]]
