"2008-08"	[0.4174783784,[107513.8108108108,37]]
"2008-09"	[0.2987634146,[68277.0731707317,164]]
"2008-10"	[0.2507398649,[58877.9391891892,148]]
"2008-11"	[0.2852565217,[30114.8260869565,138]]
"2008-12"	[0.2000966942,[28093.6115702479,121]]
"2009-01"	[0.2383525714,[34883.9657142857,175]]
"2009-02"	[0.25336,[33110.7481481481,135]]
"2009-03"	[0.2527080745,[42162.801242236,161]]
"2009-04"	[0.2261392473,[24751.4301075269,186]]
"2009-05"	[0.1769204651,[38307.0325581395,215]]
"2009-06"	[0.2205025455,[32300.3309090909,275]]
"2009-07"	[0.2594903571,[39010.8892857143,280]]
"2009-08"	[0.1898986577,[20352.8859060403,298]]
"2009-09"	[0.2156132132,[24541.2282282282,333]]
"2009-10"	[0.1952022663,[21900.8668555241,353]]
"2009-11"	[0.20864375,[16671.1275,400]]
"2009-12"	[0.2500857971,[18495.1217391304,345]]
"2010-01"	[0.2382076782,[22286.1096892139,547]]
"2010-02"	[0.1831534304,[15284.9189189189,481]]
"2010-03"	[0.2025717489,[19233.7159940209,669]]
"2010-04"	[0.1606606464,[21024.8631178707,526]]
"2010-05"	[0.2128956217,[22927.4220665499,571]]
"2010-06"	[0.1923574335,[12395.4194053208,639]]
"2010-07"	[0.2415596552,[11054.2465517241,580]]
"2010-08"	[0.2058499154,[16963.2741116751,591]]
"2010-09"	[0.2357360134,[15043.216080402,597]]
"2010-10"	[0.2004313837,[14347.8587731812,701]]
"2010-11"	[0.2164901934,[11114.9986187845,724]]
"2010-12"	[0.205211583,[12070.3706563707,777]]
"2011-01"	[0.208590281,[14633.4379391101,854]]
"2011-02"	[0.2206270089,[11817.9363839286,896]]
"2011-03"	[0.1871075065,[13768.4037963762,1159]]
"2011-04"	[0.1928014612,[12210.0155251142,1095]]
"2011-05"	[0.1965372359,[9467.0387323944,1136]]
"2011-06"	[0.1893656069,[11633.3420038536,1038]]
"2011-07"	[0.2245638256,[9838.8533201189,1009]]
"2011-08"	[0.1931583647,[7935.0112781955,1064]]
"2011-09"	[0.202933563,[10082.4143700787,1016]]
"2011-10"	[0.1847399814,[9562.1604823748,1078]]
"2011-11"	[0.186068154,[7447.4225721785,1143]]
"2011-12"	[0.2040913234,[6844.06485539,1141]]
"2012-01"	[0.2074101124,[9497.7510803803,1157]]
"2012-02"	[0.1987164819,[6642.0650406504,1353]]
"2012-03"	[0.1950619777,[6811.995821727,1436]]
"2012-04"	[0.1775219789,[6253.8134441088,1324]]
"2012-05"	[0.1914092402,[8318.7734428474,1461]]
"2012-06"	[0.18850512,[6913.128,1250]]
"2012-07"	[0.1772281069,[5623.225433526,1384]]
"2012-08"	[0.1825786005,[6174.6141304348,1472]]
"2012-09"	[0.1990332814,[7074.1137957911,1283]]
"2012-10"	[0.1847439503,[5876.0647482014,1529]]
"2012-11"	[0.1845209517,[6396.9154829545,1408]]
"2012-12"	[0.1956000778,[4911.234059098,1286]]
"2013-01"	[0.1758998616,[6154.4380622837,1445]]
"2013-02"	[0.1658291842,[5921.5808720113,1422]]
"2013-03"	[0.1840955196,[4848.1070317362,1607]]
"2013-04"	[0.1722796827,[6542.3593654667,1639]]
"2013-05"	[0.1754398051,[4276.0946416145,1437]]
"2013-06"	[0.1785405289,[4172.6333095068,1399]]
"2013-07"	[0.1953796865,[4819.6851730895,1531]]
"2013-08"	[0.2003485643,[5920.4481897628,1602]]
"2013-09"	[0.188021787,[5055.1401468788,1634]]
"2013-10"	[0.1880477437,[4663.9933147632,1795]]
"2013-11"	[0.186092562,[3973.5531680441,1815]]
"2013-12"	[0.1880003964,[4108.4830124575,1766]]
"2014-01"	[0.1857774176,[3346.5532144787,1851]]
"2014-02"	[0.1879054469,[3321.2395557906,1891]]
"2014-03"	[0.1903676471,[3026.9565826331,2142]]
"2014-04"	[0.1699744551,[2768.2093258996,1973]]
"2014-05"	[0.1809045806,[2951.740630577,1681]]
"2014-06"	[0.1963704737,[3220.5944192083,1541]]
"2014-07"	[0.1770854711,[2513.1993920973,1645]]
"2014-08"	[0.1733547554,[1787.6154891304,1472]]
"2014-09"	[0.1925195388,[2798.1672005125,1561]]
"2014-10"	[0.1703390954,[2476.0049566295,1614]]
"2014-11"	[0.1903061856,[2069.2899484536,1552]]
"2014-12"	[0.1745729765,[2302.6090078329,1532]]
"2015-01"	[0.1972236718,[1853.9912575656,1487]]
"2015-02"	[0.1876962079,[2430.7043539326,1424]]
"2015-03"	[0.1778326087,[2162.8947368421,1748]]
"2015-04"	[0.1911928449,[1836.8437321122,1747]]
"2015-05"	[0.1933430779,[1864.0679851669,1618]]
"2015-06"	[0.1924919927,[2060.0378973105,1636]]
"2015-07"	[0.1791207547,[1547.4874213836,1590]]
"2015-08"	[0.201589959,[1850.6304644809,1464]]
"2015-09"	[0.2042175316,[2210.4908835905,1426]]
"2015-10"	[0.1696006897,[1327.2620689655,1595]]
"2015-11"	[0.2033155989,[1197.5835654596,1436]]
"2015-12"	[0.1969537568,[1364.0108443067,1291]]
"2016-01"	[0.1898389881,[1354.8430059524,1344]]
"2016-02"	[0.1807013569,[1155.4667571235,1474]]
"2016-03"	[0.186023359,[1350.0307510349,1691]]
"2016-04"	[0.1924972241,[1901.4302709848,1513]]
"2016-05"	[0.184862988,[1124.5412912913,1332]]
"2016-06"	[0.1810191781,[1099.7332796132,1241]]
"2016-07"	[0.1970060529,[1253.0886615516,1173]]
"2016-08"	[0.1904032411,[1127.9691699605,1265]]
"2016-09"	[0.1868377701,[1191.4580812446,1157]]
"2016-10"	[0.1916514655,[1160.5396551724,1160]]
"2016-11"	[0.1821546312,[1037.9888507719,1166]]
"2016-12"	[0.2181152525,[1241.6050505051,990]]
"2017-01"	[0.1872278261,[947.9226086957,1150]]
"2017-02"	[0.2096621157,[854.8182640145,1106]]
"2017-03"	[0.1857835252,[787.4762589928,1390]]
"2017-04"	[0.1732454992,[867.1260229133,1222]]
"2017-05"	[0.1962147967,[718.7089430894,1230]]
"2017-06"	[0.1903888689,[625.9165170557,1114]]
"2017-07"	[0.1942067194,[805.709486166,1012]]
"2017-08"	[0.1930330669,[870.0569430569,1001]]
"2017-09"	[0.1854897849,[670.5634408602,930]]
"2017-10"	[0.195716635,[547.6692015209,1052]]
"2017-11"	[0.2002604674,[725.0691333982,1027]]
"2017-12"	[0.1741791667,[435.7939814815,864]]
"2018-01"	[0.1969565265,[415.953539823,904]]
"2018-02"	[0.2019470231,[488.2952612394,823]]
"2018-03"	[0.1699334732,[374.1710388248,953]]
"2018-04"	[0.2021842333,[350.9956803456,926]]
"2018-05"	[0.1817425532,[351.4021276596,940]]
"2018-06"	[0.1755854321,[277.3148148148,810]]
"2018-07"	[0.1917986352,[258.4230769231,806]]
"2018-08"	[0.2104916667,[169.9082125604,828]]
"2018-09"	[0.2011132822,[169.7011494253,783]]
"2018-10"	[0.1978277273,[127.1204545455,880]]
"2018-11"	[0.207953375,[106.6325,800]]
"2018-12"	[0.2084956973,[153.1543026706,674]]
"2019-01"	[0.1966447368,[78.7146814404,722]]
"2019-02"	[0.1651569892,[53.980030722,651]]
"2019-03"	[0.1683848485,[189.0606060606,33]]
"2; 1"	[0.0,[2.0,1]]
"4"	[0.0,[2.0,1]]
"416096"	[0.0,[2.0,1]]
"418003"	[0.0,[2.0,1]]
"43"	[0.0,[2.0,1]]
"7"	[0.0,[2.0,1]]
"8"	[0.0,[2.0,1]]
