"2008-08"	[0.023452381,[62580.3333333333,21]]
"2008-09"	[0.2316608247,[183192.2164948454,97]]
"2008-10"	[0.2757728571,[85505.3857142857,70]]
"2008-11"	[0.300022,[34978.52,50]]
"2008-12"	[0.37184,[27380.4909090909,55]]
"2009-01"	[0.2109928571,[42673.9428571429,70]]
"2009-02"	[0.3306116883,[23187.987012987,77]]
"2009-03"	[0.2761772152,[29734.3670886076,79]]
"2009-04"	[0.2611643678,[33323.4482758621,87]]
"2009-05"	[0.2797514563,[27029.0873786408,103]]
"2009-06"	[0.2949534884,[34468.7054263566,129]]
"2009-07"	[0.2672952381,[23044.693877551,147]]
"2009-08"	[0.2270870504,[30231.4676258993,139]]
"2009-09"	[0.2325131579,[14079.9947368421,190]]
"2009-10"	[0.209624537,[21310.9537037037,216]]
"2009-11"	[0.2392546512,[15204.5465116279,172]]
"2009-12"	[0.2380464865,[21295.3243243243,185]]
"2010-01"	[0.2540609626,[12420.614973262,187]]
"2010-02"	[0.2585437838,[16222.4108108108,185]]
"2010-03"	[0.1997241228,[19441.7543859649,228]]
"2010-04"	[0.1858475728,[12109.5776699029,206]]
"2010-05"	[0.2247100877,[11591.7543859649,228]]
"2010-06"	[0.2164646388,[10534.5817490494,263]]
"2010-07"	[0.2525716216,[11039.4324324324,296]]
"2010-08"	[0.2105776316,[14557.7598684211,304]]
"2010-09"	[0.222375,[11632.4131944444,288]]
"2010-10"	[0.2332838816,[15975.0986842105,304]]
"2010-11"	[0.2065378981,[12355.1433121019,314]]
"2010-12"	[0.1969595331,[8898.0778210117,257]]
"2011-01"	[0.2171698507,[10077.7432835821,335]]
"2011-02"	[0.2138051195,[14920.8737201365,293]]
"2011-03"	[0.1874832547,[19027.8113207547,424]]
"2011-04"	[0.2113713873,[9989.176300578,346]]
"2011-05"	[0.1989752604,[15089.1979166667,384]]
"2011-06"	[0.2178482587,[8039.3308457711,402]]
"2011-07"	[0.2027542579,[8603.7420924574,411]]
"2011-08"	[0.1995505348,[8928.8796791444,374]]
"2011-09"	[0.2017272487,[7363.4576719577,378]]
"2011-10"	[0.2523907928,[8643.6828644501,391]]
"2011-11"	[0.2153625581,[6293.8046511628,430]]
"2011-12"	[0.224781117,[8422.8537234043,376]]
"2012-01"	[0.2083082447,[10158.164893617,376]]
"2012-02"	[0.2163833333,[6617.5570175439,456]]
"2012-03"	[0.2196568932,[8716.1223300971,515]]
"2012-04"	[0.223078903,[7236.6772151899,474]]
"2012-05"	[0.2216492188,[6031.568359375,512]]
"2012-06"	[0.2305857434,[5721.399185336,491]]
"2012-07"	[0.2269557344,[7771.2857142857,497]]
"2012-08"	[0.2237002092,[7560.1548117155,478]]
"2012-09"	[0.2229203187,[6987.5717131474,502]]
"2012-10"	[0.2075848544,[5337.7067961165,515]]
"2012-11"	[0.2346432566,[6410.6167763158,608]]
"2012-12"	[0.2228246914,[4728.9417989418,567]]
"2013-01"	[0.2248898876,[6417.8619582665,623]]
"2013-02"	[0.2409094427,[5234.6455108359,646]]
"2013-03"	[0.2176366423,[5238.7124087591,685]]
"2013-04"	[0.1881167742,[6663.8129032258,620]]
"2013-05"	[0.2105482171,[4004.6294573643,645]]
"2013-06"	[0.2091719745,[2921.7579617834,628]]
"2013-07"	[0.233678869,[6574.119047619,672]]
"2013-08"	[0.2120501449,[5336.2405797101,690]]
"2013-09"	[0.2152840395,[2934.8771186441,708]]
"2013-10"	[0.2015232673,[4632.948019802,808]]
"2013-11"	[0.2202952321,[2607.0125470514,797]]
"2013-12"	[0.1955516513,[2155.5059445178,757]]
"2014-01"	[0.2114036025,[2328.6819875776,805]]
"2014-02"	[0.2096682324,[1955.8170580964,809]]
"2014-03"	[0.2054173581,[1774.672489083,916]]
"2014-04"	[0.1983257709,[1840.9460352423,908]]
"2014-05"	[0.2355226144,[1670.4901960784,765]]
"2014-06"	[0.2344950653,[1612.2685050798,689]]
"2014-07"	[0.21668625,[1196.1763888889,720]]
"2014-08"	[0.2304338398,[1011.9889502762,724]]
"2014-09"	[0.2181389037,[1555.3689839572,748]]
"2014-10"	[0.2110995153,[1545.4749596123,619]]
"2014-11"	[0.2190514911,[1171.393638171,503]]
"2014-12"	[0.1799693309,[1746.970260223,538]]
"2015-01"	[0.2067722628,[879.1076642336,548]]
"2015-02"	[0.2438556641,[1540.322265625,512]]
"2015-03"	[0.2397912343,[1095.0125223614,559]]
"2015-04"	[0.2208755408,[1432.4043261231,601]]
"2015-05"	[0.2057834426,[1376.5,610]]
"2015-06"	[0.1731024867,[1369.081705151,563]]
"2015-07"	[0.2016322357,[1416.0554592721,577]]
"2015-08"	[0.2201469925,[1069.25,532]]
"2015-09"	[0.2159269303,[721.7796610169,531]]
"2015-10"	[0.2232835644,[564.0613861386,505]]
"2015-11"	[0.2138902111,[693.1343570058,521]]
"2015-12"	[0.2119628049,[631.9390243902,492]]
"2016-01"	[0.2692250497,[674.6500994036,503]]
"2016-02"	[0.2068698214,[572.8,560]]
"2016-03"	[0.2315778929,[488.3126079447,579]]
"2016-04"	[0.1915147874,[552.7153419593,541]]
"2016-05"	[0.2236543986,[607.7540394973,557]]
"2016-06"	[0.2124049342,[640.6661184211,608]]
"2016-07"	[0.218467304,[585.1625239006,523]]
"2016-08"	[0.2075971774,[638.5282258065,496]]
"2016-09"	[0.2155471215,[595.8017057569,469]]
"2016-10"	[0.2110580038,[508.077212806,531]]
"2016-11"	[0.2172951076,[634.8297455969,511]]
"2016-12"	[0.237681422,[684.0573394495,436]]
"2017-01"	[0.215869,[452.416,500]]
"2017-02"	[0.1814994094,[445.8720472441,508]]
"2017-03"	[0.2099487644,[543.5255354201,607]]
"2017-04"	[0.2278431262,[386.4199623352,531]]
"2017-05"	[0.2015165414,[536.4605263158,532]]
"2017-06"	[0.227774898,[438.4040816327,490]]
"2017-07"	[0.1872473795,[326.6100628931,477]]
"2017-08"	[0.2090411429,[295.419047619,525]]
"2017-09"	[0.2414211765,[259.4329411765,425]]
"2017-10"	[0.199995171,[270.3943661972,497]]
"2017-11"	[0.2119686354,[230.4582484725,491]]
"2017-12"	[0.1639872449,[259.9005102041,392]]
"2018-01"	[0.2091134703,[212.303652968,438]]
"2018-02"	[0.2297498938,[143.4543524416,471]]
"2018-03"	[0.1931783178,[175.5831775701,535]]
"2018-04"	[0.2132100806,[126.3528225806,496]]
"2018-05"	[0.217508142,[118.7077244259,479]]
"2018-06"	[0.2290279167,[137.275,480]]
"2018-07"	[0.2157149688,[90.6070686071,481]]
"2018-08"	[0.2370146444,[75.2384937238,478]]
"2018-09"	[0.2113519814,[64.5734265734,429]]
"2018-10"	[0.2039440678,[60.3644067797,472]]
"2018-11"	[0.228880787,[54.4421296296,432]]
"2018-12"	[0.1716076531,[62.3903061224,392]]
"2019-01"	[0.2008413613,[53.0418848168,382]]
"2019-02"	[0.2187830882,[294.3088235294,408]]
"2019-03"	[0.3587409091,[32.9090909091,22]]
