"2009-02"	[0.5548666667,[3261.6666666667,3]]
"2009-03"	[0.9186,[323955.0,1]]
"2009-04"	[0.3270666667,[66743.6666666667,3]]
"2009-07"	[0.2429692308,[73351.0769230769,13]]
"2009-08"	[0.33308,[16517.4,5]]
"2009-09"	[0.3336,[32971.8571428571,14]]
"2009-10"	[0.3372,[8266.8888888889,9]]
"2009-11"	[0.1118333333,[61722.7777777778,9]]
"2009-12"	[0.27703,[102404.4,10]]
"2010-01"	[0.37841,[17173.6,10]]
"2010-02"	[0.2787461538,[77720.4615384615,13]]
"2010-03"	[-0.0248727273,[24862.5454545455,11]]
"2010-04"	[0.2211705882,[30942.5882352941,17]]
"2010-05"	[0.3860631579,[28125.7368421053,19]]
"2010-06"	[0.2892882353,[11124.4117647059,17]]
"2010-07"	[0.3306777778,[14933.2777777778,18]]
"2010-08"	[0.3025653846,[17539.5,26]]
"2010-09"	[0.3873615385,[27442.1153846154,26]]
"2010-10"	[0.1243,[5525.6111111111,18]]
"2010-11"	[0.0955529412,[41836.5882352941,17]]
"2010-12"	[0.2745947368,[15310.2631578947,19]]
"2011-01"	[0.0890222222,[7581.1666666667,18]]
"2011-02"	[0.1958148148,[7161.037037037,27]]
"2011-03"	[0.2103162791,[20714.3255813953,43]]
"2011-04"	[0.1600867925,[18842.8113207547,53]]
"2011-05"	[0.1977595238,[17854.8095238095,42]]
"2011-06"	[0.2078585366,[29215.9756097561,41]]
"2011-07"	[0.2219085106,[14218.3617021277,47]]
"2011-08"	[0.2346875,[15335.5,56]]
"2011-09"	[0.2566757576,[12093.0909090909,66]]
"2011-10"	[0.1849546875,[8333.0,64]]
"2011-11"	[0.2511136986,[20935.0547945205,73]]
"2011-12"	[0.1934642857,[6498.5428571429,70]]
"2012-01"	[0.1834816092,[6775.1149425287,87]]
"2012-02"	[0.2039409524,[12214.9904761905,105]]
"2012-03"	[0.256175,[10706.79,100]]
"2012-04"	[0.2461574468,[10054.3404255319,94]]
"2012-05"	[0.2005739726,[9515.1917808219,73]]
"2012-06"	[0.1569463415,[10046.7073170732,82]]
"2012-07"	[0.1884195876,[3415.2268041237,97]]
"2012-08"	[0.1564515152,[6832.2575757576,132]]
"2012-09"	[0.2016264957,[5958.1709401709,117]]
"2012-10"	[0.1962507353,[5935.5367647059,136]]
"2012-11"	[0.2198976378,[8439.5118110236,127]]
"2012-12"	[0.2156109375,[6589.75,128]]
"2013-01"	[0.2101677632,[9249.3684210526,152]]
"2013-02"	[0.1587841772,[7088.3987341772,158]]
"2013-03"	[0.1875874251,[5731.748502994,167]]
"2013-04"	[0.1959395349,[3200.0755813953,172]]
"2013-05"	[0.1691794118,[5519.1764705882,170]]
"2013-06"	[0.2134165644,[3763.3128834356,163]]
"2013-07"	[0.1993707865,[3988.5112359551,178]]
"2013-08"	[0.2190459119,[4966.0754716981,159]]
"2013-09"	[0.2142095238,[4020.2976190476,168]]
"2013-10"	[0.2240649425,[3046.408045977,174]]
"2013-11"	[0.1390784884,[2695.4186046512,172]]
"2013-12"	[0.211495,[3697.15,160]]
"2014-01"	[0.1630513393,[4495.8482142857,224]]
"2014-02"	[0.1962451883,[2102.1338912134,239]]
"2014-03"	[0.1643886275,[4211.1294117647,255]]
"2014-04"	[0.2211215753,[2425.9143835616,292]]
"2014-05"	[0.1681457014,[2809.9864253394,221]]
"2014-06"	[0.2649151786,[2718.3616071429,224]]
"2014-07"	[0.2027365217,[1626.0260869565,230]]
"2014-08"	[0.1979082251,[2302.3506493506,231]]
"2014-09"	[0.2166944186,[3158.6279069767,215]]
"2014-10"	[0.1232870445,[2084.8299595142,247]]
"2014-11"	[0.1965128205,[3147.5042735043,234]]
"2014-12"	[0.1633013575,[2768.9230769231,221]]
"2015-01"	[0.1856897196,[1648.8504672897,214]]
"2015-02"	[0.1667321569,[1713.8705882353,255]]
"2015-03"	[0.1881751773,[2022.6170212766,282]]
"2015-04"	[0.1839722034,[1543.7423728814,295]]
"2015-05"	[0.160944964,[1687.3669064748,278]]
"2015-06"	[0.1764256055,[1259.9861591696,289]]
"2015-07"	[0.1731230539,[1316.4910179641,334]]
"2015-08"	[0.1851886792,[1827.251572327,318]]
"2015-09"	[0.2030941176,[1152.3725490196,306]]
"2015-10"	[0.2163376119,[910.0417910448,335]]
"2015-11"	[0.1751368821,[831.7604562738,263]]
"2015-12"	[0.2096412141,[911.3961661342,313]]
"2016-01"	[0.2231361486,[1828.5135135135,296]]
"2016-02"	[0.1737147651,[1008.7416107383,298]]
"2016-03"	[0.1966762215,[781.332247557,307]]
"2016-04"	[0.1876934473,[703.6296296296,351]]
"2016-05"	[0.1661987302,[1085.5079365079,315]]
"2016-06"	[0.1971496933,[1247.245398773,326]]
"2016-07"	[0.21170625,[717.2430555556,288]]
"2016-08"	[0.1832584337,[837.6536144578,332]]
"2016-09"	[0.1721263941,[653.3940520446,269]]
"2016-10"	[0.1602409091,[551.2532467532,308]]
"2016-11"	[0.2122067416,[784.0299625468,267]]
"2016-12"	[0.2008012931,[621.9956896552,232]]
"2017-01"	[0.2072207547,[1439.279245283,265]]
"2017-02"	[0.2040280443,[608.9963099631,271]]
"2017-03"	[0.1871732919,[830.4285714286,322]]
"2017-04"	[0.1769690323,[756.9290322581,310]]
"2017-05"	[0.1824363354,[547.7111801242,322]]
"2017-06"	[0.1823222222,[415.6632996633,297]]
"2017-07"	[0.1682035928,[500.0449101796,334]]
"2017-08"	[0.1772409471,[477.2590529248,359]]
"2017-09"	[0.1733316568,[373.7781065089,338]]
"2017-10"	[0.2018997199,[371.1960784314,357]]
"2017-11"	[0.2110659236,[377.6719745223,314]]
"2017-12"	[0.2299524904,[286.1954022989,261]]
"2018-01"	[0.2202369085,[283.3690851735,317]]
"2018-02"	[0.1859714286,[752.8542274052,343]]
"2018-03"	[0.1844260753,[202.9650537634,372]]
"2018-04"	[0.1994427152,[137.357615894,302]]
"2018-05"	[0.1852462428,[145.1445086705,346]]
"2018-06"	[0.1833663366,[134.1650165017,303]]
"2018-07"	[0.1696148485,[124.0454545455,330]]
"2018-08"	[0.2292417293,[98.5,266]]
"2018-09"	[0.1974340741,[91.2407407407,270]]
"2018-10"	[0.2107066901,[66.4542253521,284]]
"2018-11"	[0.1833536122,[85.1558935361,263]]
"2018-12"	[0.219129918,[53.618852459,244]]
"2019-01"	[0.2365272727,[49.4909090909,275]]
"2019-02"	[0.1968313099,[40.4536741214,313]]
"2019-03"	[0.0530105263,[32.1578947368,19]]
