"2008-08"	[-0.0471555556,[47389.7777777778,9]]
"2008-09"	[0.0267428571,[106418.5714285714,7]]
"2008-10"	[0.12165,[43782.5,12]]
"2008-11"	[0.0607888889,[10598.1111111111,9]]
"2008-12"	[0.1160571429,[10668.5714285714,7]]
"2009-01"	[0.3080333333,[15886.8333333333,6]]
"2009-02"	[0.372075,[8954.625,8]]
"2009-03"	[0.1447285714,[48148.5714285714,7]]
"2009-04"	[0.15408,[55099.7333333333,15]]
"2009-05"	[0.0207,[69423.6842105263,19]]
"2009-06"	[0.1440428571,[63674.0,14]]
"2009-07"	[0.110725,[21325.25,12]]
"2009-08"	[0.0961894737,[8690.3157894737,19]]
"2009-09"	[0.2012176471,[8436.4117647059,17]]
"2009-10"	[0.2249459459,[64012.5675675676,37]]
"2009-11"	[0.2393085714,[39315.8,35]]
"2009-12"	[0.248525,[15754.75,16]]
"2010-01"	[0.1807913043,[73317.6086956522,23]]
"2010-02"	[0.2777666667,[18412.7083333333,24]]
"2010-03"	[0.2351,[8785.9285714286,28]]
"2010-04"	[0.1005678571,[21194.7857142857,28]]
"2010-05"	[0.0800388889,[26320.1666666667,18]]
"2010-06"	[0.0647714286,[9312.2380952381,21]]
"2010-07"	[0.0673461538,[27526.8461538462,26]]
"2010-08"	[0.2535111111,[8282.8888888889,27]]
"2010-09"	[0.1950416667,[4938.6388888889,36]]
"2010-10"	[0.10614,[12072.0,25]]
"2010-11"	[0.0912846154,[8271.3333333333,39]]
"2010-12"	[0.1749133333,[16926.9666666667,30]]
"2011-01"	[0.1025933333,[14485.7,30]]
"2011-02"	[0.0532153846,[20570.0,26]]
"2011-03"	[0.2176318182,[26770.3409090909,44]]
"2011-04"	[0.2516181818,[9281.0,33]]
"2011-05"	[0.1075088235,[21357.4411764706,34]]
"2011-06"	[-0.0235857143,[8148.2,35]]
"2011-07"	[0.2528533333,[3337.0,30]]
"2011-08"	[0.1399096774,[5694.935483871,31]]
"2011-09"	[0.1810457143,[10895.4857142857,35]]
"2011-10"	[0.2188633333,[2990.4666666667,30]]
"2011-11"	[0.275788,[9403.36,50]]
"2011-12"	[0.141336,[20537.86,50]]
"2012-01"	[0.2646979592,[26546.9387755102,49]]
"2012-02"	[0.1211941176,[7593.4901960784,51]]
"2012-03"	[0.1059471698,[13303.7169811321,53]]
"2012-04"	[0.1632375,[15578.2083333333,48]]
"2012-05"	[0.1731240741,[13502.3703703704,54]]
"2012-06"	[0.2367313725,[19716.9803921569,51]]
"2012-07"	[0.1583875,[19681.3125,48]]
"2012-08"	[0.0726692308,[8085.7435897436,39]]
"2012-09"	[0.1378240741,[11791.6666666667,54]]
"2012-10"	[0.12694,[11059.8833333333,60]]
"2012-11"	[0.220472,[10175.68,50]]
"2012-12"	[0.1074333333,[4148.0833333333,48]]
"2013-01"	[0.2566186441,[9569.6440677966,59]]
"2013-02"	[0.1605288136,[6231.5084745763,59]]
"2013-03"	[0.0948,[18374.2769230769,65]]
"2013-04"	[0.1756692308,[7789.0192307692,52]]
"2013-05"	[0.1256060606,[3009.6363636364,66]]
"2013-06"	[0.1978625,[7342.1527777778,72]]
"2013-07"	[0.2561928571,[4691.0714285714,42]]
"2013-08"	[0.1812509091,[15823.6,55]]
"2013-09"	[0.1285434211,[5061.2236842105,76]]
"2013-10"	[0.1449014085,[4723.9436619718,71]]
"2013-11"	[0.1293918033,[4655.2131147541,61]]
"2013-12"	[0.0815461538,[8020.0576923077,52]]
"2014-01"	[0.1749304348,[3536.231884058,69]]
"2014-02"	[0.1428794521,[3542.4109589041,73]]
"2014-03"	[0.098658209,[3632.8656716418,67]]
"2014-04"	[0.1405969231,[3881.2153846154,65]]
"2014-05"	[0.1737538462,[2259.4807692308,52]]
"2014-06"	[0.13015625,[1808.875,48]]
"2014-07"	[0.0205512821,[1736.8717948718,39]]
"2014-08"	[0.2652622642,[1041.7169811321,53]]
"2014-09"	[0.1533839286,[604.5357142857,56]]
"2014-10"	[0.136928125,[2060.75,64]]
"2014-11"	[0.1467034483,[1605.4137931034,58]]
"2014-12"	[0.135997561,[922.5853658537,41]]
"2015-01"	[0.1005783333,[2845.4333333333,60]]
"2015-02"	[0.1533511111,[827.0,45]]
"2015-03"	[0.1713033333,[3428.0833333333,60]]
"2015-04"	[0.1272275862,[909.9137931034,58]]
"2015-05"	[0.1942823529,[829.9411764706,51]]
"2015-06"	[0.1339630435,[1280.6304347826,46]]
"2015-07"	[0.2534245283,[8066.4528301887,53]]
"2015-08"	[0.073808,[1796.58,50]]
"2015-09"	[0.0985594595,[868.9189189189,37]]
"2015-10"	[0.1379428571,[557.5,42]]
"2015-11"	[0.0907878788,[323.8484848485,33]]
"2015-12"	[0.147408,[671.38,50]]
"2016-01"	[0.164775,[617.0833333333,36]]
"2016-02"	[0.1102836735,[803.8163265306,49]]
"2016-03"	[0.1569206349,[1901.3492063492,63]]
"2016-04"	[0.1475632653,[1066.0204081633,49]]
"2016-05"	[0.0706944444,[581.9074074074,54]]
"2016-06"	[0.20784,[1883.025,40]]
"2016-07"	[0.1257095238,[961.2619047619,42]]
"2016-08"	[0.1585463415,[1132.0,41]]
"2016-09"	[0.1582540541,[215.4324324324,37]]
"2016-10"	[0.0849555556,[780.5555555556,36]]
"2016-11"	[0.1563244444,[476.8444444444,45]]
"2016-12"	[0.1682625,[975.5,32]]
"2017-01"	[0.121321875,[698.875,32]]
"2017-02"	[0.2141674419,[345.5348837209,43]]
"2017-03"	[0.1795970588,[339.3235294118,34]]
"2017-04"	[0.131845,[263.85,40]]
"2017-05"	[0.157997619,[838.5952380952,42]]
"2017-06"	[0.1354548387,[606.3870967742,31]]
"2017-07"	[0.080216,[1797.48,25]]
"2017-08"	[0.164909375,[230.4375,32]]
"2017-09"	[0.23924,[495.84,25]]
"2017-10"	[0.0721517241,[201.9310344828,29]]
"2017-11"	[0.1572897436,[313.1538461538,39]]
"2017-12"	[0.16211875,[260.3125,16]]
"2018-01"	[0.0158814815,[326.1111111111,27]]
"2018-02"	[0.0718346154,[181.4615384615,26]]
"2018-03"	[0.1962774194,[179.0322580645,31]]
"2018-04"	[0.1688117647,[84.6764705882,34]]
"2018-05"	[0.2391695652,[188.7826086957,23]]
"2018-06"	[0.2201517241,[238.0,29]]
"2018-07"	[-0.0126526316,[65.7368421053,19]]
"2018-08"	[0.1982,[71.2941176471,17]]
"2018-09"	[0.191715,[71.4,20]]
"2018-10"	[0.0231181818,[60.8181818182,22]]
"2018-11"	[0.1730047619,[44.9523809524,21]]
"2018-12"	[0.0767333333,[87.2,15]]
"2019-01"	[0.1307857143,[40.9523809524,21]]
"2019-02"	[0.0936636364,[34.8636363636,22]]
